2.8417 1.1589 0.0000
1.8846 2.1809 0.0000
2.1285 1.2526 0.0000
2.5492 2.1973 0.0000
2.0349 1.3142 0.0000
3.2618 3.8299 1.0000
3.3029 4.2115 1.0000
3.5108 4.1554 1.0000
2.4875 2.8137 0.0000
3.1438 3.6643 1.0000
2.0078 2.8721 0.0000
3.1111 3.9773 1.0000
1.7125 1.8886 0.0000
4.9798 2.5287 1.0000
2.1660 2.4963 0.0000
3.7419 3.4688 1.0000
1.4663 1.5105 0.0000
2.1365 2.7843 0.0000
1.7236 2.6343 0.0000
2.0598 1.6979 0.0000
2.0551 0.8075 0.0000
4.1952 4.1881 1.0000
3.6886 3.0985 1.0000
3.5751 3.4042 1.0000
3.6875 3.7704 1.0000
2.1503 2.2079 0.0000
1.3923 2.1885 0.0000
3.9478 3.3618 1.0000
3.9663 4.1648 1.0000
2.6721 4.5123 1.0000
3.7273 3.3090 1.0000
1.2031 2.1181 0.0000
1.6734 2.0666 0.0000
1.8682 2.2143 0.0000
4.3949 4.1750 1.0000
1.5920 2.1394 0.0000
4.0090 6.0116 1.0000
3.2047 3.5072 1.0000
3.4360 3.7784 1.0000
3.8470 3.3958 1.0000
1.4552 1.1526 0.0000
4.0283 3.5787 1.0000
1.9785 2.9388 0.0000
4.1141 3.4593 1.0000
1.6396 1.8250 0.0000
2.2170 1.6129 0.0000
4.1484 4.0662 1.0000
2.4935 1.2675 0.0000
1.4057 1.6602 0.0000
2.6857 2.4512 0.0000
4.9733 4.3195 1.0000
1.9537 2.2047 0.0000
4.0030 4.2195 1.0000
3.8194 3.3399 1.0000
4.2851 3.6118 1.0000
2.1452 0.8520 0.0000
3.9147 4.0365 1.0000
1.4483 2.9300 0.0000
1.9792 1.2988 0.0000
2.7884 3.4095 1.0000
4.5648 2.8385 1.0000
4.5707 4.2756 1.0000
2.3886 2.9138 0.0000
2.6186 2.5588 0.0000
1.3094 2.2254 0.0000
4.6794 2.8419 1.0000
3.6089 4.0530 1.0000
3.7582 4.0571 1.0000
3.4150 3.3080 1.0000
1.8412 3.6321 0.0000
2.2168 2.9228 0.0000
2.4849 3.8119 1.0000
2.2839 1.9563 0.0000
1.7647 1.1219 0.0000
2.3521 3.3143 0.0000
3.7455 3.2937 1.0000
4.1092 3.5138 1.0000
2.1945 1.7690 0.0000
2.1559 2.4691 0.0000
3.5694 4.3593 1.0000
1.6821 2.3080 0.0000
3.8345 3.7076 1.0000
2.1777 2.1566 0.0000
4.3979 3.7061 1.0000
2.0582 2.5812 0.0000
4.9919 3.2396 1.0000
4.1877 4.0778 1.0000
3.6347 3.9410 1.0000
2.4881 1.2615 0.0000
3.6313 4.4427 1.0000
1.9306 1.8193 0.0000
3.2445 3.7902 1.0000
2.8867 1.6890 0.0000
3.2689 3.5719 1.0000
4.4077 3.4185 1.0000
1.7183 2.3255 0.0000
2.4431 2.1028 0.0000
2.1253 0.8242 0.0000
3.7681 4.0973 1.0000
2.4746 1.4544 0.0000
4.4833 3.7126 1.0000
4.2146 3.6040 1.0000
1.8659 2.4284 0.0000
1.5938 2.3670 0.0000
1.3626 2.2842 0.0000
2.2062 0.9422 0.0000
0.8487 1.9841 0.0000
3.7386 3.0534 1.0000
4.0090 4.0083 1.0000
3.6889 3.5268 1.0000
0.9650 1.6626 0.0000
1.6390 3.1114 0.0000
4.7593 3.9430 1.0000
2.8311 2.8555 1.0000
1.2852 2.3939 0.0000
2.9079 4.7989 1.0000
5.0139 3.2150 1.0000
3.2245 3.6312 1.0000
5.0888 2.5796 1.0000
3.2708 4.1078 1.0000
3.2067 3.8462 1.0000
3.8945 3.6219 1.0000
1.5149 1.6989 0.0000
4.2724 4.0908 1.0000
2.9435 4.2507 1.0000
4.2234 3.8100 1.0000
3.1610 3.9952 1.0000
3.8865 4.5852 1.0000
1.5300 1.8068 0.0000
2.4932 3.1381 0.0000
1.9919 1.3654 0.0000
1.2578 1.2077 0.0000
1.7552 3.0854 1.0000
1.4965 1.8145 0.0000
3.0964 2.9715 1.0000
1.4152 2.4723 0.0000
3.1962 3.3404 1.0000
4.0425 4.3813 1.0000
3.9142 3.2843 1.0000
3.3464 4.2098 1.0000
1.7944 1.5186 0.0000
2.3754 1.4857 0.0000
3.1195 2.2843 0.0000
2.1988 2.5853 0.0000
2.6952 1.5076 0.0000
0.4282 2.4931 0.0000
2.8734 3.1373 1.0000
2.3132 2.1782 0.0000
1.0696 2.0411 0.0000
4.6516 2.9573 1.0000
3.7586 3.2362 1.0000
3.2026 3.3639 1.0000
1.5788 1.8034 0.0000
4.1118 2.7324 1.0000
3.7147 3.9988 1.0000
2.0361 3.4779 0.0000
3.9051 4.8257 1.0000
3.1317 2.1047 0.0000
2.0405 1.1452 0.0000
2.4257 3.3845 1.0000
4.9864 4.0804 1.0000
3.2091 4.9554 1.0000
4.4666 3.3451 1.0000
2.0522 1.8206 0.0000
1.0355 2.1108 0.0000
4.2703 3.3539 1.0000
1.3575 2.2895 0.0000
1.9568 2.6021 0.0000
1.3362 1.2823 0.0000
3.4168 4.3534 1.0000
2.9475 2.4605 0.0000
3.4174 3.8392 1.0000
1.1508 1.7476 0.0000
2.2980 1.9170 0.0000
3.4088 3.7491 1.0000
2.1758 1.5714 0.0000
1.8528 1.5478 0.0000
3.8686 3.3264 1.0000
2.5780 2.2477 0.0000
4.0745 4.0770 1.0000
1.9032 2.2424 0.0000
1.8595 1.8595 0.0000
4.3498 4.3323 1.0000
3.5485 2.9513 1.0000
1.4919 1.0911 0.0000
1.7219 1.7206 0.0000
2.1545 1.9553 0.0000
4.2398 3.8844 1.0000
4.4601 3.2754 1.0000
1.4697 2.0922 0.0000
