2.8417 1.1589 0.0000
1.8846 2.1809 0.0000
2.8794 1.8645 0.0000
5.1936 4.5037 1.0000
2.1285 1.2526 0.0000
2.5492 2.1973 0.0000
2.0349 1.3142 0.0000
4.5618 5.1299 1.0000
4.6029 5.5115 1.0000
4.4438 4.9643 1.0000
2.0078 2.8721 0.0000
4.4111 5.2773 1.0000
1.7125 1.8886 0.0000
6.2798 3.8287 1.0000
2.1660 2.4963 0.0000
5.0419 4.7688 1.0000
1.4663 1.5105 0.0000
2.1365 2.7843 0.0000
1.7236 2.6343 0.0000
2.0598 1.6979 0.0000
4.9886 4.3985 1.0000
4.8751 4.7042 1.0000
4.9875 5.0704 1.0000
2.1503 2.2079 0.0000
1.3923 2.1885 0.0000
5.2478 4.6618 1.0000
5.2663 5.4648 1.0000
3.9721 5.8123 1.0000
5.0273 4.6090 1.0000
1.2031 2.1181 0.0000
1.6734 2.0666 0.0000
1.8682 2.2143 0.0000
5.6949 5.4750 1.0000
1.5920 2.1394 0.0000
5.3090 7.3116 1.0000
4.5047 4.8072 1.0000
4.7360 5.0784 1.0000
5.3283 4.8787 1.0000
1.9785 2.9388 0.0000
5.4141 4.7593 1.0000
1.6396 1.8250 0.0000
2.2170 1.6129 0.0000
5.4484 5.3662 1.0000
2.4935 1.2675 0.0000
1.4057 1.6602 0.0000
2.6857 2.4512 0.0000
6.2733 5.6195 1.0000
1.9537 2.2047 0.0000
5.3030 5.5195 1.0000
5.1194 4.6399 1.0000
5.5851 4.9118 1.0000
2.1452 0.8520 0.0000
5.2147 5.3365 1.0000
1.4483 2.9300 0.0000
1.9792 1.2988 0.0000
4.0884 4.7095 1.0000
5.8648 4.1385 1.0000
5.8707 5.5756 1.0000
2.3886 2.9138 0.0000
2.6186 2.5588 0.0000
4.9089 5.3530 1.0000
5.0582 5.3571 1.0000
4.7150 4.6080 1.0000
1.8412 3.6321 0.0000
2.2168 2.9228 0.0000
3.7849 5.1119 1.0000
2.2839 1.9563 0.0000
1.7647 1.1219 0.0000
2.3521 3.3143 0.0000
5.0455 4.5937 1.0000
5.4092 4.8138 1.0000
2.1945 1.7690 0.0000
2.1559 2.4691 0.0000
4.8694 5.6593 1.0000
1.6821 2.3080 0.0000
5.1345 5.0076 1.0000
2.1777 2.1566 0.0000
5.6979 5.0061 1.0000
2.0582 2.5812 0.0000
6.2919 4.5396 1.0000
5.4877 5.3778 1.0000
4.9347 5.2410 1.0000
2.4881 1.2615 0.0000
4.9313 5.7427 1.0000
1.9306 1.8193 0.0000
4.5445 5.0902 1.0000
2.8867 1.6890 0.0000
4.5689 4.8719 1.0000
5.7077 4.7185 1.0000
1.7183 2.3255 0.0000
2.4431 2.1028 0.0000
2.1253 0.8242 0.0000
5.0681 5.3973 1.0000
2.4746 1.4544 0.0000
5.7833 5.0126 1.0000
5.5146 4.9040 1.0000
1.8659 2.4284 0.0000
1.5938 2.3670 0.0000
4.5363 4.8579 1.0000
1.7321 2.5138 0.0000
1.3626 2.2842 0.0000
2.2062 0.9422 0.0000
0.8487 1.9841 0.0000
5.0386 4.3534 1.0000
5.3090 5.3083 1.0000
4.9889 4.8268 1.0000
0.9650 1.6626 0.0000
1.6390 3.1114 0.0000
6.0593 5.2430 1.0000
4.1311 4.1555 1.0000
1.2852 2.3939 0.0000
4.2079 6.0989 1.0000
6.3139 4.5150 1.0000
4.5245 4.9312 1.0000
6.3888 3.8796 1.0000
4.5708 5.4078 1.0000
4.5067 5.1462 1.0000
5.1945 4.9219 1.0000
1.5149 1.6989 0.0000
5.5724 5.3908 1.0000
4.2435 5.5507 1.0000
5.5234 5.1100 1.0000
4.4610 5.2952 1.0000
5.1865 5.8852 1.0000
1.5300 1.8068 0.0000
2.4932 3.1381 0.0000
1.9919 1.3654 0.0000
1.2578 1.2077 0.0000
3.0552 4.3854 1.0000
1.4965 1.8145 0.0000
4.3964 4.2715 1.0000
1.4152 2.4723 0.0000
4.4962 4.6404 1.0000
5.3425 5.6813 1.0000
5.2142 4.5843 1.0000
4.6464 5.5098 1.0000
1.7944 1.5186 0.0000
2.3754 1.4857 0.0000
3.1195 2.2843 0.0000
2.1988 2.5853 0.0000
2.6952 1.5076 0.0000
2.1039 2.2312 0.0000
4.9927 4.4616 1.0000
0.4282 2.4931 0.0000
4.1734 4.4373 1.0000
2.3132 2.1782 0.0000
1.0696 2.0411 0.0000
5.9516 4.2573 1.0000
5.0586 4.5362 1.0000
4.5026 4.6639 1.0000
1.5788 1.8034 0.0000
5.4118 4.0324 1.0000
5.0147 5.2988 1.0000
2.0361 3.4779 0.0000
2.0405 1.1452 0.0000
2.0031 1.8592 0.0000
4.2798 4.7993 1.0000
3.7257 4.6845 1.0000
6.2864 5.3804 1.0000
4.5091 6.2554 1.0000
5.7666 4.6451 1.0000
2.0522 1.8206 0.0000
1.0355 2.1108 0.0000
5.5703 4.6539 1.0000
1.3575 2.2895 0.0000
1.9568 2.6021 0.0000
1.3362 1.2823 0.0000
4.7168 5.6534 1.0000
2.9475 2.4605 0.0000
4.7174 5.1392 1.0000
1.1508 1.7476 0.0000
2.2980 1.9170 0.0000
4.7088 5.0491 1.0000
2.1758 1.5714 0.0000
1.8528 1.5478 0.0000
5.1686 4.6264 1.0000
2.5780 2.2477 0.0000
5.3745 5.3770 1.0000
1.9032 2.2424 0.0000
1.1129 1.5681 0.0000
5.3116 5.9196 1.0000
1.8595 1.8595 0.0000
5.6498 5.6323 1.0000
4.8485 4.2513 1.0000
1.4919 1.0911 0.0000
1.7219 1.7206 0.0000
2.1545 1.9553 0.0000
5.5398 5.1844 1.0000
5.7601 4.5754 1.0000
1.4697 2.0922 0.0000